0.01155174
0.44170485
0.10193683
0.14040968
0.33584870
0.11855788
0.66455564
0.60819254
0.82082304
0.35849111
0.51854808
0.58297796
0.73548630
0.78770146
0.58260420
0.20352944
0.37428557
0.95685708
0.10493092
0.38715678
0.08620963
0.93994486
0.59169906
0.94795731
0.13055426
0.01913105
0.96036672
0.37471130
0.23161302
0.01586437
0.36567975
0.34260934
0.76335008
0.45342102
0.55060397
0.10748513
0.54238484
0.91773645
0.50878300
0.00939488
0.13565645
0.30908724
0.62106973
0.56664457
0.18292122
0.31395243
0.66433625
0.48606396
0.14814774
0.25148864
0.86592044
0.13309988
0.20214119
0.22871818
0.67463186
0.96683133
0.34030987
0.04680352
0.04430517
0.04589945
0.97002713
0.35208646
0.57922126
0.41837719
0.33284553
0.73509270
0.85391324
0.62126995
0.51156620
0.94256829
0.98511781
0.74138425
0.23472942
0.08020818
0.09645040
0.49552276
0.29744613
0.46277771
0.65640330
0.05735523
0.68708525
0.99920743
0.14276850
0.91836880
0.30660262
0.59353774
0.66747386
0.59697475
0.23642055
0.11621105
0.00408367
0.92632337
0.78469852
0.47969758
0.50770285
0.94743789
0.74125646
0.07774915
0.95300592
0.10817955
0.95703570
0.64626026
0.64659831
0.62574729
0.86336326
0.20859873
0.13258686
0.01539822
0.37285571
0.51274427
0.11452015
0.69531249
0.65588529
0.02011713
0.06287838
0.20395144
0.81016197
0.38773365
0.78625449
0.51250924
0.57294721
0.32075840
0.62236609
0.59446583
0.06397797
0.66113759
0.51456217
0.83451738
0.05320037
0.40605627
0.14077423
0.99688607
0.71792321
0.20996988
0.17481353
0.58324227
0.86887296
0.51302946
0.83507372
0.25373646
0.21935589
0.74269647
0.84245163
0.70182950
0.95172048
0.13754217
0.71289626
0.15075712
0.18213161
0.84921085
0.49518040
0.33046974
0.60637631
0.05860791
0.21131417
0.51705711
0.00634450
0.50263963
0.11521041
0.55327182
0.92113829
0.58138281
0.40305125
0.36344473
0.31021836
0.10505718
0.33562871
0.06615170
0.49114941
0.46877426
0.05877713
0.87588835
0.77833833
0.19966642
0.92264869
0.62815351
0.34179937
0.96509013
0.81591846
0.36329636
0.93696683
0.68924405
0.80285230
0.93127706
0.04720659
0.96237568
0.35193723
0.32237427
0.34776274
0.30018861
0.94192030
0.25713783
0.81990894
0.25886163
0.31408506
0.53838195
0.94273839
0.80186718
0.30969886
0.51722447
0.15130433
0.83727395
0.19917260
0.63586935
0.88124972
0.22847930
0.27771810
0.16681935
0.76934248
0.05710000
0.57101820
0.85815873
0.07238531
0.43603013
0.61725968
0.37142779
0.93324224
0.61874812
0.52143150
0.94831809
0.26781547
0.86105149
0.60364440
0.78303091
0.22792968
0.53954376
0.99788460
0.94990085
0.67849110
0.61358165
0.73181079
0.70118141
0.25401567
0.89049412
0.71278902
0.09966077
0.99689506
0.57885932
0.03313252
0.00998411
0.42356336
0.73977324
0.55185483
0.93228267
0.36065745
0.99208022
0.90789985
0.56167457
0.18962581
0.42773242
0.26313906
0.52670958
0.85167153
0.40587434
0.65487718
0.08110993
0.82604132
0.18393311
0.93277714
0.65048675
0.27389789
0.44431065
0.45791208
0.90373466
0.75990887
0.30476354
0.02339812
0.25020352
0.72227092
0.42485365
0.77466244
0.45790092
0.96787110
0.11567665
0.78347301
0.04869207
0.55328871
0.34231289
0.98874451
0.08219728
0.95367077
0.64147317
0.73847494
0.83018049
0.54227281
0.58544063
0.30200752
0.57847700
0.42748952
0.35577830
0.89538082
0.23158690
0.44070147
0.03743028
0.56598066
0.45900532
0.41594146
0.71643018
0.58249125
0.78106647
0.38887256
0.84533665
0.78294592
0.27441642
0.67252811
0.41887691
0.91135937
0.44617921
0.71923158
0.54234805
0.74773951
0.84705861
0.69216663
0.19104175
0.35537368
0.72627147
0.46298589
0.30689464
0.74157735
0.81604444
0.77914258
0.40323110
0.40108863
0.39321526
0.08208435
0.13821061
0.87326987
0.51531193
0.58308061
0.48345828
0.61615302
0.47177531
0.20593178
0.31661097
0.99394300
0.25961959
0.71245400
0.45974990
0.47123983
0.52005214
0.52950455
0.39635846
0.14185941
0.54413610
0.90934009
0.23330954
0.95716181
0.06747911
0.74193495
0.51391006
0.66431514
0.86868710
0.07648527
0.58396609
0.65518934
0.24504046
0.85361251
0.76799629
0.03150066
0.68409163
0.97531754
0.24833212
0.07924121
0.73255382
0.23601533
0.67512732
0.20342093
0.92551167
0.28616397
0.07096053
0.25437892
0.34375041
0.34634663
0.29581729
0.45573470
0.92248040
0.87749726
0.89541322
0.81095925
0.58654106
0.89268639
0.56551103
0.24325808
0.18993222
0.34400803
0.68465722
0.72963046
0.56174421
0.24146794
0.48084981
0.94640416
0.95080373
0.43807019
0.74979603
0.69871870
0.12997014
0.38857128
0.98369033
0.76266891
0.45298257
