500
785
69
365
626
656
731
278
384
147
57
261
424
453
102
340
85
43
263
681
409
98
719
705
575
686
426
908
313
225
483
659
52
481
244
90
736
961
146
14
231
478
618
859
514
816
192
217
131
829
560
645
216
557
132
470
386
778
253
853
70
772
206
963
741
933
29
802
341
170
329
247
789
419
782
106
637
597
569
67
526
393
960
7
447
985
333
269
700
380
749
728
919
343
300
237
947
302
623
167
587
298
839
739
880
767
937
876
549
123
17
671
948
639
991
485
616
878
561
692
418
118
256
227
546
744
505
73
65
917
927
682
547
674
758
161
896
80
460
708
6
398
684
615
965
501
952
452
972
122
46
19
706
109
233
415
897
570
631
242
362
148
125
784
495
218
193
291
978
733
863
140
747
111
867
723
559
903
901
245
540
842
934
576
226
86
627
534
588
200
743
939
334
374
783
308
860
527
1000
163
348
130
422
598
195
279
83
88
413
336
813
285
752
444
94
153
734
902
890
150
112
904
918
620
655
436
998
75
825
795
345
92
704
18
5
872
636
725
188
64
268
592
874
821
740
868
349
538
737
818
3
41
646
212
289
717
610
257
42
187
439
750
586
33
142
889
748
887
139
600
416
347
781
900
508
95
151
318
304
861
855
406
367
332
591
504
819
815
491
640
516
851
657
448
690
799
668
430
828
757
745
729
423
990
793
296
133
921
661
16
521
246
857
87
926
214
389
870
583
38
228
490
203
850
997
742
647
273
159
593
48
202
370
471
479
721
986
906
949
230
548
234
294
746
30
1
493
877
414
463
683
317
288
852
152
449
311
431
22
791
718
307
97
754
707
796
292
162
726
565
524
376
388
667
346
316
924
552
974
229
